0.050943 
0.019900 
0.001312 
-0.003708 
-0.010291 
-0.011953 
-0.016819 
-0.032303 
-0.028636 
0.000615 
-0.023910 
0.003577 
0.103907 
0.102322 
-0.015457 
-0.179625 
-0.135046 
-0.044780 
-0.132136 
-0.080758 
0.052530 
0.011899 
-0.070110 
0.086057 
0.317590 
0.223659 
-0.167247 
-0.162429 
0.076022 
0.026863 
-0.159912 
-0.131726 
0.018675 
-0.017812 
-0.242227 
-0.235619 
-0.038766 
0.136813 
0.295240 
0.382732 
0.360124 
0.118529 
-0.180313 
-0.157006 
0.210362 
0.060118 
-0.378696 
-0.495141 
-0.237366 
0.089060 
0.057863 
-0.123317 
-0.137646 
0.008753 
0.165788 
0.312105 
0.502508 
0.562509 
0.394707 
0.079473 
-0.183860 
-0.316453 
-0.201074 
-0.246496 
-0.329942 
-0.033985 
0.295852 
0.340811 
0.141468 
0.175859 
0.336807 
0.264419 
-0.038383 
-0.125423 
-0.014671 
-0.102263 
-0.119082 
0.202007 
0.357172 
0.064599 
0.028523 
0.287199 
0.305765 
0.056644 
-0.000469 
0.217768 
0.245755 
0.058409 
-0.214062 
-0.165325 
-0.098677 
-0.310203 
-0.464705 
0.246379 
0.557633 
0.275429 
0.253396 
0.006912 
-0.151698 
-0.261029 
-0.181554 
0.153999 
0.426002 
0.011118 
-0.316783 
-0.197597 
0.418054 
0.338124 
-0.230560 
-0.007264 
0.584970 
0.284029 
-0.197264 
-0.096618 
0.247388 
0.340378 
-0.256070 
-0.258171 
-0.104226 
-0.171379 
-0.025041 
0.159341 
0.324299 
0.312047 
0.211149 
0.283417 
0.504347 
0.127385 
-0.553205 
-0.388263 
0.127776 
0.297641 
0.207332 
0.054975 
-0.142181 
-0.214310 
-0.346086 
-0.482247 
-0.560072 
-0.157179 
0.298175 
0.627290 
0.612351 
0.335799 
0.205617 
0.079127 
0.108813 
0.083394 
-0.100804 
-0.184721 
-0.034393 
-0.145038 
-0.236081 
-0.169467 
-0.175739 
-0.203656 
-0.334026 
-0.635793 
-0.703215 
-0.710341 
-0.862027 
-1.110534 
-1.489312 
-1.762595 
-1.952358 
-2.053816 
-1.940902 
-1.654811 
-1.146864 
-0.513719 
0.153136 
0.643180 
0.754690 
0.784908 
0.867609 
1.110879 
1.344512 
1.519597 
1.544410 
1.370359 
0.945861 
0.243341 
-0.495462 
-1.411505 
-2.456879 
-3.192512 
-2.591577 
-1.770717 
-1.644127 
-1.757606 
-2.045263 
-2.239884 
-2.374448 
-2.508051 
-2.625747 
-2.709031 
-2.005246 
0.581403 
2.379063 
2.507079 
2.199073 
2.416864 
3.650683 
5.231577 
5.933865 
5.312713 
3.879759 
2.580385 
1.958282 
0.373942 
-0.307959 
-0.867646 
-1.601110 
-1.604472 
-1.466398 
-1.308761 
-1.219407 
0.019709 
1.081354 
1.272860 
1.150081 
1.560411 
2.541946 
2.959760 
2.216054 
1.072822 
0.153016 
-1.052306 
-1.678741 
-1.877670 
-1.971086 
-1.776782 
-1.471551 
-0.917696 
-0.656222 
0.136791 
1.139382 
1.230009 
0.831413 
0.223076 
-0.148295 
0.098057 
0.761277 
1.060431 
1.008277 
0.931638 
1.041493 
1.223914 
1.186037 
1.046758 
0.932673 
1.254930 
2.088002 
3.196624 
3.437189 
1.890385 
0.318726 
-0.739425 
-1.211914 
-1.140616 
-0.875888 
-0.835790 
-0.967488 
-0.728417 
-0.506587 
-0.581441 
-0.740347 
-0.789736 
-0.786563 
-0.693934 
-0.615884 
-0.531281 
-0.623698 
-1.154586 
-1.731373 
-1.964367 
-2.131601 
-2.040045 
-0.860945 
0.121483 
0.348052 
0.339505 
0.106469 
-0.222496 
-0.694431 
-0.836741 
-0.645334 
-0.089773 
0.147672 
0.089613 
-0.335063 
-0.930446 
-1.181915 
-1.250801 
-1.091006 
-0.771432 
-0.401126 
-0.229935 
-0.229349 
-0.160801 
0.088479 
0.211120 
0.088889 
-0.178512 
-0.466456 
-0.756541 
-1.027025 
-1.240552 
-1.399467 
-1.379611 
-1.149575 
-0.992653 
-0.998183 
-1.467442 
-2.103892 
-2.456517 
-2.699836 
-2.836968 
-2.924529 
-2.849921 
-2.736157 
-2.342682 
-1.459542 
-0.524040 
0.286314 
0.999448 
1.657607 
2.040576 
2.317640 
2.655381 
3.254713 
3.836946 
4.077466 
4.018661 
3.449019 
2.894986 
2.709191 
2.648115 
2.353463 
1.994972 
1.960141 
2.494922 
3.082757 
2.917265 
1.815833 
0.519850 
-0.266657 
-0.567663 
-0.614012 
-0.459066 
-0.091758 
0.170904 
0.157085 
-0.217447 
-0.616645 
-0.757322 
-0.697385 
-0.342796 
0.213148 
0.583137 
0.671921 
0.486385 
0.119407 
-0.166550 
-0.325430 
-0.555183 
-0.839079 
-1.029047 
-1.011397 
-0.840473 
-0.299759 
0.485797 
0.867693 
1.029502 
0.936593 
0.659201 
0.308162 
-0.242390 
-0.827904 
-1.309234 
-1.648754 
-1.884582 
-2.134908 
-2.281511 
-2.419477 
-2.171413 
-1.000280 
0.187285 
0.777810 
0.865073 
0.407298 
-0.404456 
-0.881743 
-0.972850 
-0.812832 
-0.247593 
0.237356 
0.324489 
0.255855 
0.130587 
0.075942 
0.112594 
0.201228 
0.375274 
0.585183 
0.658308 
0.586382 
-0.055646 
-1.060600 
-1.646464 
-1.908307 
-1.943259 
-1.844669 
-1.704673 
-1.555081 
-1.249112 
-0.665321 
-0.075006 
0.388521 
0.714042 
0.885247 
0.960093 
1.051720 
1.105033 
0.953328 
0.696208 
0.597197 
0.711177 
0.873758 
1.055110 
1.209636 
1.349942 
1.581816 
1.789074 
1.847270 
1.560484 
1.113226 
0.738484 
0.397803 
0.158786 
-0.055477 
-0.070976 
0.145139 
0.338249 
0.377134 
0.271679 
0.108439 
-0.131239 
-0.453878 
-0.804164 
-1.088329 
-1.322254 
-1.438143 
-1.333248 
-0.936981 
-0.175988 
0.610981 
1.002725 
1.217960 
1.457841 
1.659006 
1.722559 
1.607298 
1.327987 
0.931283 
0.441932 
-0.186746 
-0.573313 
-0.717430 
-0.738331 
-0.725620 
-0.773327 
-0.872736 
-0.967092 
-0.895045 
-0.705235 
-0.601247 
-0.612932 
-0.643357 
-0.706163 
-0.784368 
-0.773168 
-0.566987 
-0.198135 
0.165313 
0.418144 
0.487310 
0.332848 
0.079145 
-0.033851 
0.074320 
0.129718 
0.023777 
-0.164276 
-0.293171 
-0.305314 
-0.219116 
-0.102479 
-0.051133 
-0.120891 
-0.238999 
-0.360189 
-0.536494 
-0.678527 
-0.749555 
-0.718581 
-0.569943 
-0.277997 
0.055485 
0.367224 
0.686598 
0.932606 
1.017905 
0.934730 
0.787635 
0.647774 
0.546278 
0.377970 
0.076480 
-0.203247 
-0.238602 
-0.114869 
-0.033741 
-0.001004 
0.034875 
0.046560 
-0.065852 
-0.238892 
-0.379102 
-0.507123 
-0.660611 
-0.830468 
-0.974169 
-1.105593 
-1.135583 
-0.976296 
-0.748557 
-0.482043 
-0.195037 
0.079812 
0.299947 
0.399307 
0.271067 
-0.121788 
-0.474767 
-0.662774 
-0.765699 
-0.700019 
-0.484586 
-0.189243 
0.130194 
0.336702 
0.445009 
0.462000 
0.411228 
0.462330 
0.598035 
0.705262 
0.744887 
0.667249 
0.578575 
0.502328 
0.372389 
-0.026347 
-0.414297 
-0.489222 
-0.105262 
0.479461 
0.715489 
0.729379 
0.609547 
0.460136 
0.268819 
0.090101 
-0.048033 
-0.088245 
-0.105534 
-0.137281 
-0.076041 
0.013527 
0.094891 
0.141272 
0.177077 
0.210281 
0.323584 
0.551369 
0.802117 
0.941617 
0.921098 
0.632803 
0.082116 
-0.332888 
-0.538081 
-0.639990 
-0.612309 
-0.519597 
-0.425625 
-0.305005 
-0.135506 
0.042929 
0.206545 
0.333469 
0.369836 
0.280486 
0.173495 
0.113483 
0.074734 
0.053206 
0.021582 
-0.059803 
-0.148222 
-0.167168 
-0.172315 
-0.145382 
-0.036539 
0.106416 
0.136531 
0.028871 
-0.118604 
-0.242415 
-0.218813 
-0.113751 
-0.013763 
0.065423 
0.135444 
0.165900 
0.137539 
0.067603 
-0.006435 
-0.033995 
0.000925 
0.043539 
0.097440 
0.173585 
0.203491 
0.242564 
0.262664 
0.282515 
0.288997 
0.241746 
0.179696 
0.106690 
-0.014987 
-0.173597 
-0.309332 
-0.404612 
-0.390634 
-0.291073 
-0.232328 
-0.213087 
-0.179917 
-0.150399 
-0.122012 
-0.040662 
0.003736 
-0.008852 
-0.027704 
-0.002058 
0.056638 
0.055017 
0.000364 
-0.031566 
0.025590 
0.096444 
0.094194 
0.021449 
-0.041919 
-0.093210 
-0.140399 
-0.203107 
-0.285847 
-0.374501 
-0.460493 
-0.531415 
-0.571079 
-0.554737 
-0.448460 
-0.252307 
-0.060496 
0.062232 
0.077553 
0.055111 
0.015949 
-0.002931 
-0.016707 
-0.026731 
-0.023497 
-0.023965 
-0.043274 
-0.079224 
-0.080822 
-0.063889 
-0.029585 
0.012844 
0.072854 
0.083253 
0.042311 
0.004661 
0.022255 
0.082015 
0.126526 
0.159450 
0.103628 
-0.011369 
-0.112738 
-0.092032 
0.043075 
0.190390 
0.240845 
0.144480 
0.029682 
-0.056327 
-0.107024 
-0.167307 
-0.218875 
-0.210426 
-0.140728 
-0.087090 
-0.082633 
-0.107214 
-0.083715 
0.011409 
0.100369 
0.198264 
0.275277 
0.332547 
0.354476 
0.327544 
0.244537 
0.116043 
0.023301 
0.029540 
0.112667 
0.150686 
0.150111 
0.174951 
0.232773 
0.294266 
0.325441 
0.322075 
0.328174 
0.290817 
0.174651 
0.006613 
-0.161256 
-0.220676 
-0.223002 
-0.223566 
-0.247765 
-0.333972 
-0.432947 
-0.489646 
-0.449415 
-0.285167 
-0.095123 
0.063962 
0.123906 
0.090522 
0.024267 
-0.073657 
-0.191994 
-0.321097 
-0.383309 
-0.343027 
-0.253895 
-0.200625 
-0.194824 
-0.226978 
-0.269437 
-0.282408 
-0.260017 
-0.204725 
-0.130322 
-0.025240 
0.088348 
0.194280 
0.270345 
0.316171 
0.314077 
0.249484 
0.169222 
0.099746 
0.018193 
-0.039405 
-0.095903 
-0.155152 
-0.174696 
-0.139537 
-0.064042 
-0.005719 
0.028530 
0.048190 
0.069882 
0.052459 
0.009490 
-0.020961 
0.012517 
0.107594 
0.229658 
0.358966 
0.470723 
0.529487 
0.493733 
0.405337 
0.304792 
0.220488 
0.119114 
-0.020365 
-0.134937 
-0.161195 
-0.123004 
-0.103934 
-0.087935 
-0.067605 
-0.064694 
-0.080066 
-0.057253 
0.032891 
0.125407 
0.159536 
0.106612 
0.027041 
-0.006542 
0.002432 
0.024364 
0.096558 
0.195637 
0.254172 
0.276364 
0.258002 
0.203166 
0.100731 
-0.053196 
-0.191093 
-0.270963 
-0.331122 
-0.397955 
-0.419090 
-0.322781 
-0.141140 
0.069449 
0.252631 
0.383511 
0.427537 
0.368589 
0.235035 
0.076265 
-0.051015 
-0.135349 
-0.165349 
-0.149861 
-0.092447 
-0.033461 
0.016218 
0.053990 
0.077373 
0.056569 
0.007147 
-0.012006 
-0.012668 
-0.014330 
-0.017064 
-0.039929 
-0.023360 
0.032213 
0.114963 
0.211011 
0.253616 
0.250403 
0.174004 
0.063524 
-0.016657 
-0.073624 
-0.103034 
-0.101724 
-0.069676 
-0.040409 
-0.071710 
-0.096837 
-0.119122 
-0.113240 
-0.101675 
-0.078872 
-0.026421 
0.010610 
0.041358 
0.040446 
0.042936 
0.030857 
-0.032864 
-0.134079 
-0.235843 
-0.305929 
-0.339861 
-0.308694 
-0.204311 
-0.083107 
0.028010 
0.083362 
0.056364 
-0.010139 
-0.070939 
-0.120211 
-0.119903 
-0.061588 
0.022382 
0.094395 
0.131986 
0.176031 
0.183864 
0.152153 
0.151720 
0.179545 
0.200166 
0.149703 
0.034809 
-0.107541 
-0.233291 
-0.287277 
-0.270728 
-0.230686 
-0.195546 
-0.187754 
-0.155256 
-0.078120 
0.012613 
0.125641 
0.228462 
0.324129 
0.353075 
0.278636 
0.125599 
-0.006696 
-0.055739 
-0.090923 
-0.129620 
-0.147093 
-0.090271 
0.024838 
0.119634 
0.120732 
0.040729 
-0.041214 
-0.069545 
-0.046584 
0.008308 
0.058566 
0.059793 
-0.013395 
-0.107346 
-0.132615 
-0.075693 
0.016551 
0.070001 
0.074510 
0.062810 
0.038321 
-0.004879 
-0.058555 
-0.090529 
-0.097837 
-0.090376 
-0.068786 
-0.063676 
-0.093598 
-0.121009 
-0.090944 
-0.047321 
0.008090 
0.014400 
-0.007077 
-0.009043 
-0.007305 
0.014684 
0.018432 
0.014776 
-0.031387 
-0.106978 
-0.176145 
-0.203666 
-0.137269 
0.001753 
0.141515 
0.249347 
0.301886 
0.307564 
0.261902 
0.227226 
0.250075 
0.249350 
0.221988 
0.176085 
0.115503 
0.078735 
0.058998 
0.040712 
0.017412 
-0.003265 
-0.007413 
-0.033084 
-0.028256 
0.009572 
0.051833 
0.097056 
0.127449 
0.142863 
0.138225 
0.155850 
0.171545 
0.137908 
0.064317 
-0.024774 
-0.089340 
-0.080160 
-0.004309 
0.062667 
0.086966 
0.056401 
-0.003512 
-0.059143 
-0.101365 
-0.114119 
-0.100427 
-0.065131 
-0.006831 
0.047966 
0.065711 
0.036907 
-0.019365 
-0.050010 
-0.030785 
-0.007227 
-0.018111 
-0.043923 
-0.102567 
-0.168344 
-0.212418 
-0.250979 
-0.282696 
-0.274668 
-0.233180 
-0.177803 
-0.145640 
-0.142045 
-0.146535 
-0.153547 
-0.131821 
-0.091223 
-0.060912 
-0.097992 
-0.160309 
-0.174525 
-0.107061 
0.001558 
0.071694 
0.059138 
-0.021039 
-0.135078 
-0.202298 
-0.164503 
-0.089434 
-0.014376 
0.054648 
0.097196 
0.105853 
0.080659 
0.060999 
0.055797 
0.078442 
0.140732 
0.193816 
0.204564 
0.187285 
0.161490 
0.124818 
0.094901 
0.092620 
0.088438 
0.068247 
0.050146 
0.000446 
-0.060411 
-0.104357 
-0.113643 
-0.112401 
-0.105466 
-0.068613 
-0.012028 
0.033751 
0.055515 
0.054995 
0.042207 
0.044148 
0.031630 
0.008866 
-0.050080 
-0.148722 
-0.186175 
-0.153235 
-0.110909 
-0.065521 
-0.050762 
-0.086635 
-0.101265 
-0.078701 
-0.050614 
-0.074800 
-0.154350 
-0.180687 
-0.182339 
-0.177457 
-0.149190 
-0.113529 
-0.084562 
-0.099873 
-0.151736 
-0.178564 
-0.166718 
-0.180878 
-0.180049 
-0.154364 
-0.101042 
-0.036784 
0.024332 
0.055500 
0.107160 
0.174901 
0.213233 
0.223507 
0.199610 
0.166188 
0.140070 
0.143700 
0.164601 
0.185121 
0.226505 
0.289352 
0.298195 
0.216522 
0.160365 
0.120348 
0.039125 
-0.065463 
-0.100837 
-0.084590 
-0.034081 
0.052080 
0.124692 
0.171968 
0.142067 
0.107342 
0.076721 
0.110439 
0.167541 
0.192173 
0.204027 
0.191216 
0.177775 
0.182244 
0.184892 
0.167738 
0.121306 
0.026964 
-0.069529 
-0.144539 
-0.151887 
-0.098248 
-0.076628 
-0.071319 
-0.087132 
-0.095671 
-0.111115 
-0.100772 
-0.066585 
-0.048248 
-0.024807 
-0.018728 
-0.028388 
-0.010071 
-0.011836 
-0.037776 
-0.051309 
-0.078810 
-0.054910 
-0.036543 
0.017976 
0.100072 
0.148368 
0.132954 
0.083929 
0.018233 
-0.028781 
-0.061136 
-0.123659 
-0.193877 
-0.258002 
-0.169022 
0.010474 
0.179104 
0.128738 
-0.073743 
-0.287681 
-0.302525 
-0.141791 
-0.018790 
0.096206 
0.137546 
0.140953 
0.120145 
0.073871 
0.019432 
0.040779 
0.087443 
0.128763 
0.122843 
0.098283 
0.061374 
0.019873 
0.031244 
0.026655 
0.035565 
0.050608 
0.049552 
-0.006118 
-0.058127 
-0.091023 
-0.160472 
-0.221136 
-0.240324 
-0.183174 
-0.108204 
-0.075920 
-0.069903 
-0.048586 
-0.016352 
0.014771 
0.028273 
0.042165 
0.037506 
0.029055 
0.047109 
0.069287 
0.100940 
0.154376 
0.177054 
0.133360 
0.113762 
0.122200 
0.121693 
0.062080 
-0.008861 
-0.050443 
-0.038333 
0.010251 
0.045486 
0.049311 
0.048054 
0.044735 
0.026287 
-0.005090 
-0.018375 
-0.019192 
-0.036390 
-0.008159 
0.035661 
0.077580 
0.073901 
0.024333 
-0.022403 
-0.088861 
-0.171620 
-0.246263 
-0.297452 
-0.238943 
-0.161292 
-0.111398 
-0.093214 
-0.100035 
-0.052143 
0.013711 
0.067587 
0.076795 
0.055635 
0.048964 
0.034607 
0.066980 
0.097332 
0.081965 
0.069330 
0.078398 
0.107008 
0.144334 
0.151952 
0.108157 
0.068495 
0.018477 
-0.032512 
-0.079499 
-0.122453 
-0.148556 
-0.121977 
-0.057905 
0.000704 
0.035738 
0.024114 
-0.039423 
-0.085439 
-0.112063 
-0.106227 
-0.095648 
-0.068088 
-0.022507 
-0.016411 
-0.038962 
-0.070419 
-0.072298 
-0.043958 
0.006416 
0.057810 
0.086080 
0.059206 
0.043319 
0.081325 
0.153022 
0.204607 
0.243483 
0.250510 
0.227869 
0.203576 
0.160082 
0.105731 
0.050039 
0.035963 
0.037536 
-0.032834 
-0.132203 
-0.185814 
-0.231089 
-0.229566 
-0.183114 
-0.127907 
-0.067857 
-0.027210 
-0.040225 
-0.088682 
-0.120409 
-0.121807 
-0.103063 
-0.089682 
-0.070937 
-0.046539 
-0.035220 
-0.017696 
0.011845 
0.019403 
0.024109 
0.026803 
0.007704 
0.024258 
0.050637 
0.079158 
0.084624 
0.075391 
0.073913 
0.092058 
0.116946 
0.120972 
0.126729 
0.137228 
0.149199 
0.116192 
0.073789 
0.026603 
-0.021354 
-0.039212 
-0.024209 
0.005873 
0.026689 
0.052068 
0.046668 
0.007217 
-0.047403 
-0.070264 
-0.087180 
-0.097403 
-0.091866 
-0.095575 
-0.091749 
-0.099470 
-0.079064 
-0.035973 
0.003485 
0.017498 
0.002782 
-0.010832 
-0.019944 
-0.045806 
-0.070547 
-0.114661 
-0.129856 
-0.106668 
-0.106613 
-0.088188 
-0.051601 
-0.017215 
0.029088 
0.067696 
0.104553 
0.146914 
0.141965 
0.125089 
0.105191 
0.078539 
0.065976 
0.057645 
0.071769 
0.096109 
0.121689 
0.124046 
0.106660 
0.073554 
0.056138 
0.050139 
0.057899 
0.091165 
0.141451 
0.130349 
0.091901 
0.053252 
0.021548 
0.020633 
-0.009241 
-0.019812 
-0.019826 
-0.035050 
-0.070697 
-0.084109 
-0.079190 
-0.082327 
-0.063749 
-0.021818 
0.005385 
0.016728 
0.012552 
0.009085 
0.018718 
0.021946 
-0.003784 
-0.019237 
-0.022153 
-0.042649 
-0.072071 
-0.093668 
-0.073749 
-0.057762 
-0.046889 
-0.049194 
-0.054050 
-0.056245 
-0.062392 
-0.061464 
-0.047578 
-0.029610 
-0.018946 
-0.011825 
-0.024666 
-0.032663 
-0.028323 
-0.036661 
-0.045679 
-0.070687 
-0.079155 
-0.080408 
-0.082902 
-0.085936 
-0.105080 
-0.100009 
-0.108946 
-0.085574 
-0.081373 
-0.077462 
-0.091343 
-0.107995 
-0.084142 
-0.080571 
-0.043860 
-0.021357 
-0.010272 
-0.006721 
0.016873 
0.047070 
0.048680 
0.060006 
0.072173 
0.076334 
0.059253 
0.040841 
0.028212 
0.029452 
0.026850 
0.040188 
0.032803 
-0.003610 
-0.028085 
-0.044746 
-0.042604 
-0.035500 
-0.025294 
-0.006992 
-0.014057 
-0.008523 
-0.010474 
-0.026643 
-0.041242 
-0.071520 
-0.079354 
-0.066496 
-0.055228 
-0.044891 
-0.033253 
-0.031491 
-0.026086 
-0.031198 
-0.045916 
-0.026633 
0.023550 
0.051078 
0.075375 
0.098220 
0.110860 
0.121238 
0.104439 
0.106312 
0.133161 
0.135495 
0.110821 
0.083617 
0.060174 
0.062478 
0.080132 
0.092962 
0.068029 
0.032010 
0.014261 
-0.001896 
-0.012490 
-0.021402 
-0.034177 
-0.053846 
-0.046929 
-0.026292 
-0.016453 
-0.031899 
-0.035648 
-0.042198 
-0.040093 
-0.023129 
-0.001122 
-0.007302 
-0.051755 
-0.070352 
-0.078924 
-0.078639 
-0.070520 
-0.058258 
-0.032097 
-0.021376 
-0.026595 
-0.029342 
-0.007023 
0.016967 
0.029890 
0.044294 
0.070775 
0.083568 
0.094721 
0.083119 
0.057268 
0.033229 
0.008359 
-0.002322 
-0.010992 
-0.002550 
-0.000173 
0.013672 
0.034911 
0.052148 
0.074217 
0.053401 
0.050285 
0.047150 
0.028115 
0.032684 
0.042657 
0.046826 
0.037567 
0.031921 
0.008243 
-0.007449 
0.006006 
0.016310 
-0.012351 
-0.032115 
-0.037781 
-0.046499 
-0.054697 
-0.081766 
-0.089453 
-0.074266 
-0.083553 
-0.068656 
-0.037118 
-0.017668 
-0.002441 
0.011997 
0.032028 
0.047546 
0.061043 
0.065554 
0.080972 
0.096341 
0.115101 
0.118372 
0.128107 
0.130167 
0.106492 
0.065686 
0.020107 
-0.004919 
-0.045725 
-0.070691 
-0.084961 
-0.078357 
-0.060106 
-0.048859 
-0.035571 
-0.017490 
0.004654 
-0.006113 
-0.008854 
-0.021842 
-0.036261 
-0.052941 
-0.067750 
-0.060535 
-0.037680 
0.004897 
0.029433 
0.027312 
0.020859 
-0.003766 
-0.055347 
-0.084294 
-0.090707 
-0.076617 
-0.058905 
-0.056852 
-0.033176 
0.010122 
0.003399 
-0.015071 
-0.015750 
-0.017299 
-0.015066 
-0.009761 
0.006691 
-0.004284 
0.001541 
0.010889 
0.039779 
0.072481 
0.060926 
0.040615 
0.012130 
-0.014284 
-0.021747 
-0.027778 
-0.011676 
0.033225 
0.065127 
0.065600 
0.039406 
0.017045 
0.017358 
0.025635 
0.029210 
0.048325 
0.056653 
0.039725 
0.048684 
0.054230 
0.047749 
0.021616 
0.001436 
-0.001462 
0.011439 
0.038099 
0.061106 
0.074808 
0.081735 
0.126997 
0.130642 
0.093993 
0.066669 
0.047621 
0.036708 
0.016669 
-0.009184 
-0.026211 
-0.032361 
-0.033118 
-0.030813 
-0.030819 
-0.023161 
-0.028050 
-0.044817 
-0.052628 
-0.061960 
-0.060316 
-0.044602 
-0.038394 
-0.047726 
-0.043600 
-0.016640 
-0.007960 
-0.014821 
-0.044635 
-0.066525 
-0.073216 
-0.081027 
-0.067844 
-0.078097 
-0.070228 
-0.074897 
-0.089472 
-0.101386 
-0.093237 
-0.074852 
-0.061440 
-0.034819 
-0.049214 
-0.061578 
-0.058943 
-0.039627 
-0.029887 
-0.027842 
-0.037855 
-0.024663 
0.004369 
0.017781 
0.038307 
0.042514 
0.079090 
0.106500 
0.095487 
0.057057 
0.017786 
0.006233 
0.014681 
0.019218 
-0.005524 
-0.040092 
-0.065505 
-0.056256 
-0.021311 
0.012453 
0.028246 
0.021215 
0.005468 
-0.002093 
-0.004141 
-0.001547 
0.026233 
0.041135 
0.046131 
0.049446 
0.002600 
-0.005222 
0.018745 
0.036909 
0.051370 
0.048811 
0.043510 
0.024350 
0.026864 
0.020062 
-0.003961 
-0.018798 
-0.036677 
-0.024998 
-0.005544 
-0.007674 
-0.029406 
-0.030665 
-0.031845 
-0.049945 
-0.039667 
-0.044209 
-0.032961 
-0.020942 
-0.020437 
-0.022298 
-0.018050 
-0.013316 
-0.019189 
-0.025946 
-0.041904 
-0.031331 
-0.022025 
-0.033346 
-0.049718 
-0.042985 
-0.014876 
0.002941 
-0.002854 
-0.016793 
-0.004430 
0.015643 
0.038207 
0.047484 
0.024342 
0.023612 
0.050684 
0.073082 
0.087368 
0.078864 
0.055184 
0.042479 
0.019120 
-0.002935 
-0.017199 
-0.031896 
-0.012243 
0.015471 
0.021615 
0.023581 
0.017687 
0.011891 
0.034829 
0.049449 
0.064801 
0.068708 
0.070391 
0.058044 
0.025461 
0.038502 
0.040241 
0.050560 
0.056069 
0.043579 
0.036999 
0.003051 
-0.013899 
-0.032672 
-0.040395 
-0.043030 
-0.057648 
-0.047914 
-0.038828 
-0.027657 
-0.006664 
0.012825 
0.025012 
0.023325 
0.014507 
0.001600 
0.000250 
-0.004998 
-0.008098 
-0.007357 
-0.012252 
-0.006949 
-0.006456 
-0.002118 
0.004796 
0.012044 
0.014460 
0.017172 
0.014487 
-0.001314 
-0.015129 
-0.029670 
-0.025212 
-0.017564 
-0.013167 
-0.006922 
-0.004083 
0.000490 
0.004171 
0.007799 
0.006180 
0.009439 
0.009481 
0.002353 
0.003222 
0.000240 
-0.000262 
-0.001652 
0.000182 
0.003249 
0.002222 
-0.000391 
-0.005848 
-0.004425 
-0.005251 
-0.003833 
-0.000530 
0.003766 
0.005514 
0.005271 
0.009731 
0.009496 
0.007320 
0.007112 
0.006873 
0.007202 
0.004366 
0.002920 
0.001857 
-0.000539 
-0.003069 
-0.004998 
-0.005550 
-0.006581 
-0.003947 
-0.002303 
-0.002974 
-0.003228 
-0.003027 
-0.002047 
-0.002577 
-0.003706 
-0.003625 
-0.002892 
-0.002156 
-0.003603 
-0.003877 
-0.003180 
-0.003519 
-0.004225 
-0.005211 
-0.005415 
-0.005437 
-0.005534 
-0.005460 
-0.004717 
-0.004379 
-0.003929 
-0.003314 
-0.003337 
-0.003389 
-0.003622 
-0.003392 
-0.003204 
-0.003161 
-0.003099 
-0.003356 
-0.003093 
-0.003200 
-0.003217 
-0.003115 
-0.003090 
-0.002978 
-0.002897 
-0.002649 
-0.002496 
-0.002442 
-0.002375 
-0.002286 
-0.002216 
-0.002139 
-0.002071 
-0.001972 
-0.001883 
-0.001813 
-0.001769 
-0.001735 
-0.001663 
-0.001592 
-0.001531 
-0.001467 
-0.001399 
-0.001326 
-0.001252 
-0.001176 
-0.001102 
-0.001026 
-0.000952 
-0.000878 
-0.000804 
-0.000731 
-0.000659 
-0.000587 
-0.000513 
-0.000438 
-0.000361 
-0.000282 
-0.000202 
-0.000120 
-0.000036 
