0.000000 
0.000071 
0.000234 
0.000415 
0.000580 
0.000709 
0.000788 
0.000788 
0.000678 
0.000479 
0.000229 
-0.000065 
-0.000271 
-0.000164 
0.000236 
0.000528 
0.000310 
-0.000402 
-0.001471 
-0.002929 
-0.004628 
-0.006291 
-0.007948 
-0.009646 
-0.010926 
-0.011261 
-0.010999 
-0.011010 
-0.011437 
-0.011847 
-0.012288 
-0.013153 
-0.014422 
-0.015804 
-0.017444 
-0.019822 
-0.022952 
-0.026259 
-0.029035 
-0.030702 
-0.030949 
-0.029975 
-0.028584 
-0.027592 
-0.026884 
-0.025852 
-0.024869 
-0.025077 
-0.026891 
-0.029585 
-0.032280 
-0.034894 
-0.037835 
-0.041165 
-0.044449 
-0.047081 
-0.048422 
-0.047883 
-0.045324 
-0.041334 
-0.036974 
-0.033219 
-0.030481 
-0.028707 
-0.027957 
-0.028147 
-0.028439 
-0.027833 
-0.026108 
-0.023585 
-0.020231 
-0.015765 
-0.010471 
-0.005116 
-0.000064 
0.004731 
0.009188 
0.013506 
0.018467 
0.024408 
0.030863 
0.037727 
0.045499 
0.054226 
0.063372 
0.072791 
0.082890 
0.093757 
0.104772 
0.115252 
0.125089 
0.134254 
0.142236 
0.149224 
0.156798 
0.166009 
0.176580 
0.187941 
0.199416 
0.210335 
0.220399 
0.229993 
0.240139 
0.251301 
0.262595 
0.273069 
0.283250 
0.294407 
0.306426 
0.318316 
0.330546 
0.344221 
0.358852 
0.373276 
0.387557 
0.402575 
0.418266 
0.433527 
0.447912 
0.461658 
0.474934 
0.488147 
0.501978 
0.516928 
0.533037 
0.550163 
0.568571 
0.588398 
0.608431 
0.627097 
0.644561 
0.662191 
0.680750 
0.700077 
0.719578 
0.738636 
0.756777 
0.773531 
0.788415 
0.801540 
0.814089 
0.827704 
0.843483 
0.861449 
0.880903 
0.901183 
0.921936 
0.943069 
0.964376 
0.985380 
1.005881 
1.025983 
1.045524 
1.064279 
1.082284 
1.099565 
1.115929 
1.130787 
1.143336 
1.153135 
1.159949 
1.163220 
1.161921 
1.154773 
1.140662 
1.118834 
1.089008 
1.051597 
1.007791 
0.959525 
0.909239 
0.859389 
0.811731 
0.767010 
0.725479 
0.687577 
0.654107 
0.625954 
0.603726 
0.587473 
0.576449 
0.568928 
0.562344 
0.553602 
0.539088 
0.515061 
0.479606 
0.434010 
0.380640 
0.320458 
0.253075 
0.177607 
0.093245 
-0.000609 
-0.104475 
-0.218803 
-0.343176 
-0.473683 
-0.602655 
-0.723784 
-0.835326 
-0.937550 
-1.029096 
-1.105700 
-1.162267 
-1.196433 
-1.210171 
-1.208263 
-1.195363 
-1.175595 
-1.153430 
-1.132374 
-1.114961 
-1.103219 
-1.097751 
-1.098125 
-1.103800 
-1.113201 
-1.122701 
-1.128747 
-1.130019 
-1.126159 
-1.115490 
-1.095223 
-1.064283 
-1.024882 
-0.980969 
-0.936730 
-0.896119 
-0.861793 
-0.834868 
-0.815536 
-0.803196 
-0.796491 
-0.793747 
-0.793096 
-0.791688 
-0.786636 
-0.777156 
-0.764562 
-0.750838 
-0.737091 
-0.722534 
-0.705298 
-0.684174 
-0.659043 
-0.630000 
-0.596722 
-0.558770 
-0.516179 
-0.469377 
-0.418410 
-0.361915 
-0.296798 
-0.219768 
-0.130782 
-0.034264 
0.064042 
0.159977 
0.251610 
0.338876 
0.422416 
0.502443 
0.578973 
0.652573 
0.723851 
0.792721 
0.858740 
0.921655 
0.981514 
1.038584 
1.093199 
1.145513 
1.194895 
1.239615 
1.277756 
1.308110 
1.330201 
1.345222 
1.356605 
1.367718 
1.379988 
1.393390 
1.407123 
1.419823 
1.430076 
1.437317 
1.442342 
1.446691 
1.451334 
1.455970 
1.459095 
1.458844 
1.454050 
1.444484 
1.430716 
1.413915 
1.395311 
1.375617 
1.355074 
1.334069 
1.313291 
1.293112 
1.273143 
1.252441 
1.229871 
1.204297 
1.174673 
1.140144 
1.100199 
1.054948 
1.005028 
0.950978 
0.892473 
0.827934 
0.755267 
0.672889 
0.579823 
0.475465 
0.359576 
0.232333 
0.094430 
-0.052349 
-0.204911 
-0.359693 
-0.513428 
-0.663222 
-0.806664 
-0.942054 
-1.068117 
-1.183303 
-1.285493 
-1.372685 
-1.443875 
-1.499509 
-1.541338 
-1.571225 
-1.590156 
-1.598734 
-1.597966 
-1.588899 
-1.571427 
-1.543926 
-1.504854 
-1.455054 
-1.398189 
-1.338736 
-1.279864 
-1.223007 
-1.168404 
-1.115424 
-1.062915 
-1.010000 
-0.956816 
-0.904527 
-0.854445 
-0.807190 
-0.762429 
-0.718837 
-0.674578 
-0.628269 
-0.579548 
-0.529064 
-0.478022 
-0.427518 
-0.378387 
-0.331529 
-0.287931 
-0.248241 
-0.212440 
-0.179631 
-0.147775 
-0.114380 
-0.077736 
-0.037231 
0.006835 
0.053462 
0.101121 
0.147777 
0.191227 
0.229584 
0.261454 
0.285774 
0.301663 
0.308439 
0.305928 
0.295658 
0.281405 
0.267305 
0.255811 
0.247231 
0.239926 
0.231338 
0.219610 
0.204244 
0.186034 
0.166754 
0.148024 
0.130437 
0.113816 
0.097787 
0.082153 
0.067021 
0.052780 
0.040074 
0.029571 
0.021555 
0.015314 
0.008487 
-0.002160 
-0.019067 
-0.043376 
-0.075321 
-0.114599 
-0.160683 
-0.212828 
-0.269689 
-0.329203 
-0.389144 
-0.447670 
-0.503495 
-0.555877 
-0.604404 
-0.648765 
-0.688913 
-0.725354 
-0.758854 
-0.789754 
-0.817762 
-0.842258 
-0.862563 
-0.878045 
-0.888039 
-0.891734 
-0.888425 
-0.878075 
-0.861647 
-0.840696 
-0.816759 
-0.791129 
-0.764840 
-0.738574 
-0.712360 
-0.685589 
-0.657620 
-0.628288 
-0.597927 
-0.567209 
-0.537098 
-0.508830 
-0.483710 
-0.462892 
-0.447242 
-0.437120 
-0.432038 
-0.430337 
-0.429314 
-0.426244 
-0.419340 
-0.407543 
-0.389957 
-0.365875 
-0.335085 
-0.298033 
-0.255789 
-0.209915 
-0.162413 
-0.115415 
-0.070467 
-0.028265 
0.011019 
0.047342 
0.080522 
0.110217 
0.136213 
0.158747 
0.178377 
0.195487 
0.210127 
0.222164 
0.231361 
0.237513 
0.240767 
0.241918 
0.242272 
0.243175 
0.245567 
0.249683 
0.255031 
0.260836 
0.266727 
0.272862 
0.279355 
0.285860 
0.291768 
0.296621 
0.300351 
0.303235 
0.305645 
0.307729 
0.309281 
0.309875 
0.308974 
0.305962 
0.300308 
0.291760 
0.280456 
0.267017 
0.252508 
0.238200 
0.225366 
0.215205 
0.208612 
0.205919 
0.206900 
0.211037 
0.217802 
0.226685 
0.236945 
0.247533 
0.257552 
0.266777 
0.275499 
0.284039 
0.292577 
0.301231 
0.309947 
0.318339 
0.325809 
0.331776 
0.335689 
0.336945 
0.334907 
0.328987 
0.318748 
0.304157 
0.285733 
0.264354 
0.241069 
0.216991 
0.193178 
0.170444 
0.149078 
0.128532 
0.107538 
0.084812 
0.059521 
0.031337 
0.000504 
-0.032187 
-0.065610 
-0.098625 
-0.130392 
-0.160472 
-0.188772 
-0.215327 
-0.239948 
-0.262207 
-0.281714 
-0.298360 
-0.312349 
-0.324013 
-0.333722 
-0.342211 
-0.350795 
-0.360722 
-0.372146 
-0.383791 
-0.393867 
-0.401305 
-0.405960 
-0.408208 
-0.408658 
-0.408021 
-0.406983 
-0.406040 
-0.405426 
-0.405249 
-0.405527 
-0.406081 
-0.406589 
-0.406753 
-0.406363 
-0.405267 
-0.403251 
-0.399826 
-0.394174 
-0.385427 
-0.373075 
-0.357308 
-0.339273 
-0.320775 
-0.303397 
-0.288068 
-0.275168 
-0.264650 
-0.256209 
-0.249443 
-0.243847 
-0.238784 
-0.233565 
-0.227556 
-0.220304 
-0.211700 
-0.201992 
-0.191543 
-0.180620 
-0.169380 
-0.157938 
-0.146459 
-0.135226 
-0.124517 
-0.114462 
-0.105063 
-0.096165 
-0.087378 
-0.078278 
-0.068771 
-0.059187 
-0.050055 
-0.041744 
-0.034226 
-0.027169 
-0.020187 
-0.012953 
-0.005216 
0.003124 
0.011973 
0.021089 
0.030224 
0.039287 
0.048361 
0.057620 
0.067291 
0.077610 
0.088751 
0.100843 
0.113985 
0.128244 
0.143604 
0.159915 
0.176934 
0.194331 
0.211632 
0.228261 
0.243693 
0.257618 
0.270066 
0.281309 
0.291585 
0.301022 
0.309736 
0.317848 
0.325525 
0.333003 
0.340439 
0.347832 
0.355160 
0.362512 
0.370031 
0.377717 
0.385426 
0.393099 
0.400887 
0.408988 
0.417396 
0.425898 
0.434245 
0.442223 
0.449624 
0.456194 
0.461614 
0.465540 
0.467640 
0.467647 
0.465427 
0.461078 
0.455027 
0.447963 
0.440587 
0.433353 
0.426392 
0.419634 
0.412960 
0.406279 
0.399535 
0.392698 
0.385763 
0.378714 
0.371475 
0.363953 
0.356127 
0.348062 
0.339888 
0.331783 
0.323919 
0.316337 
0.308927 
0.301591 
0.294386 
0.287494 
0.281096 
0.275247 
0.269753 
0.264227 
0.258372 
0.252264 
0.246340 
0.241081 
0.236638 
0.232754 
0.229017 
0.225090 
0.220727 
0.215703 
0.209863 
0.203244 
0.196046 
0.188451 
0.180496 
0.172161 
0.163563 
0.155004 
0.146855 
0.139478 
0.133182 
0.128180 
0.124547 
0.122167 
0.120719 
0.119770 
0.119014 
0.118453 
0.118297 
0.118705 
0.119739 
0.121505 
0.124205 
0.128051 
0.133164 
0.139575 
0.147253 
0.156016 
0.165425 
0.174860 
0.183760 
0.191834 
0.199018 
0.205285 
0.210499 
0.214366 
0.216543 
0.216861 
0.215505 
0.213035 
0.210153 
0.207429 
0.205106 
0.203113 
0.201184 
0.198941 
0.195920 
0.191682 
0.186013 
0.179023 
0.170981 
0.162089 
0.152381 
0.141756 
0.130082 
0.117315 
0.103540 
0.088967 
0.073903 
0.058747 
0.043937 
0.029873 
0.016860 
0.005063 
-0.005541 
-0.015163 
-0.024097 
-0.032645 
-0.041097 
-0.049704 
-0.058698 
-0.068273 
-0.078491 
-0.089227 
-0.100236 
-0.111292 
-0.122248 
-0.133010 
-0.143531 
-0.153869 
-0.164155 
-0.174462 
-0.184657 
-0.194395 
-0.203208 
-0.210603 
-0.216169 
-0.219712 
-0.221334 
-0.221348 
-0.220128 
-0.218042 
-0.215519 
-0.213052 
-0.211036 
-0.209600 
-0.208676 
-0.208170 
-0.208011 
-0.208139 
-0.208545 
-0.209233 
-0.210082 
-0.210797 
-0.211069 
-0.210791 
-0.210113 
-0.209280 
-0.208432 
-0.207561 
-0.206542 
-0.205110 
-0.202936 
-0.199783 
-0.195566 
-0.190353 
-0.184376 
-0.178047 
-0.171915 
-0.166489 
-0.162127 
-0.159095 
-0.157608 
-0.157680 
-0.158957 
-0.160769 
-0.162331 
-0.162935 
-0.162093 
-0.159644 
-0.155796 
-0.151034 
-0.145935 
-0.140998 
-0.136547 
-0.132712 
-0.129434 
-0.126524 
-0.123758 
-0.120938 
-0.117917 
-0.114630 
-0.111146 
-0.107604 
-0.104090 
-0.100629 
-0.097226 
-0.093911 
-0.090716 
-0.087576 
-0.084280 
-0.080511 
-0.075951 
-0.070424 
-0.063968 
-0.056851 
-0.049450 
-0.042092 
-0.035001 
-0.028291 
-0.021958 
-0.015905 
-0.010075 
-0.004525 
0.000641 
0.005358 
0.009629 
0.013504 
0.017093 
0.020562 
0.024067 
0.027705 
0.031508 
0.035469 
0.039501 
0.043364 
0.046691 
0.049107 
0.050335 
0.050270 
0.049044 
0.047018 
0.044650 
0.042337 
0.040276 
0.038401 
0.036491 
0.034308 
0.031695 
0.028660 
0.025405 
0.022227 
0.019393 
0.017092 
0.015459 
0.014521 
0.014224 
0.014560 
0.015608 
0.017385 
0.019695 
0.022118 
0.024127 
0.025275 
0.025345 
0.024357 
0.022441 
0.019716 
0.016265 
0.012238 
0.007912 
0.003659 
-0.000102 
-0.002957 
-0.004582 
-0.004899 
-0.004181 
-0.002940 
-0.001643 
-0.000554 
0.000167 
0.000392 
0.000102 
-0.000490 
-0.001003 
-0.001131 
-0.000858 
-0.000424 
-0.000101 
-0.000005 
-0.000063 
-0.000093 
0.000063 
0.000383 
0.000629 
0.000515 
-0.000048 
-0.000878 
-0.001681 
-0.002252 
-0.002542 
-0.002594 
-0.002511 
-0.002458 
-0.002617 
-0.003114 
-0.003987 
-0.005207 
-0.006719 
-0.008521 
-0.010694 
-0.013293 
-0.016243 
-0.019369 
-0.022513 
-0.025627 
-0.028749 
-0.031905 
-0.035069 
-0.038192 
-0.041249 
-0.044290 
-0.047486 
-0.051102 
-0.055382 
-0.060382 
-0.065858 
-0.071326 
-0.076260 
-0.080253 
-0.083086 
-0.084740 
-0.085336 
-0.084967 
-0.083621 
-0.081305 
-0.078120 
-0.074245 
-0.069885 
-0.065194 
-0.060265 
-0.055178 
-0.050019 
-0.044856 
-0.039745 
-0.034735 
-0.029806 
-0.024833 
-0.019651 
-0.014095 
-0.008045 
-0.001443 
0.005733 
0.013530 
0.021964 
0.030910 
0.040097 
0.049209 
0.058038 
0.066613 
0.075162 
0.083919 
0.092969 
0.102215 
0.111451 
0.120464 
0.129102 
0.137309 
0.145137 
0.152727 
0.160287 
0.168001 
0.175931 
0.183982 
0.191980 
0.199829 
0.207558 
0.215225 
0.222804 
0.230175 
0.237128 
0.243431 
0.248889 
0.253351 
0.256722 
0.259029 
0.260417 
0.261072 
0.261115 
0.260583 
0.259462 
0.257756 
0.255542 
0.252953 
0.250053 
0.246736 
0.242826 
0.238300 
0.233387 
0.228442 
0.223701 
0.219129 
0.214439 
0.209255 
0.203368 
0.196860 
0.189995 
0.183067 
0.176330 
0.169948 
0.163955 
0.158291 
0.152884 
0.147729 
0.142927 
0.138678 
0.135162 
0.132435 
0.130449 
0.129098 
0.128252 
0.127814 
0.127744 
0.128011 
0.128554 
0.129265 
0.129967 
0.130444 
0.130539 
0.130190 
0.129397 
0.128212 
0.126773 
0.125275 
0.123888 
0.122700 
0.121721 
0.120924 
0.120290 
0.119772 
0.119253 
0.118494 
0.117202 
0.115236 
0.112667 
0.109657 
0.106355 
0.102799 
0.098918 
0.094670 
0.090112 
0.085300 
0.080133 
0.074402 
0.067974 
0.060823 
0.052986 
0.044560 
0.035674 
0.026405 
0.016700 
0.006414 
-0.004547 
-0.016202 
-0.028564 
-0.041621 
-0.055268 
-0.069307 
-0.083497 
-0.097620 
-0.111500 
-0.124936 
-0.137702 
-0.149643 
-0.160725 
-0.171019 
-0.180640 
-0.189672 
-0.198113 
-0.205895 
-0.212917 
-0.219012 
-0.224003 
-0.227893 
-0.230892 
-0.233234 
-0.235136 
-0.236904 
-0.238866 
-0.241178 
-0.243795 
-0.246512 
-0.249035 
-0.251084 
-0.252523 
-0.253399 
-0.253842 
-0.253913 
-0.253520 
-0.252489 
-0.250703 
-0.248126 
-0.244785 
-0.240715 
-0.235919 
-0.230403 
-0.224246 
-0.217651 
-0.210951 
-0.204508 
-0.198574 
-0.193187 
-0.188225 
-0.183586 
-0.179252 
-0.175260 
-0.171657 
-0.168473 
-0.165668 
-0.163145 
-0.160809 
-0.158590 
-0.156462 
-0.154419 
-0.152437 
-0.150526 
-0.148753 
-0.147200 
-0.145910 
-0.144846 
-0.143891 
-0.142837 
-0.141417 
-0.139467 
-0.137020 
-0.134253 
-0.131395 
-0.128637 
-0.126154 
-0.124173 
-0.122961 
-0.122627 
-0.122879 
-0.123100 
-0.122823 
-0.122184 
-0.121851 
-0.122469 
-0.124121 
-0.126378 
-0.128718 
-0.130747 
-0.132264 
-0.133242 
-0.133765 
-0.134000 
-0.134082 
-0.133976 
-0.133526 
-0.132607 
-0.131217 
-0.129446 
-0.127434 
-0.125290 
-0.123037 
-0.120663 
-0.118142 
-0.115434 
-0.112583 
-0.109753 
-0.107135 
-0.104919 
-0.103335 
-0.102593 
-0.102736 
-0.103594 
-0.104927 
-0.106590 
-0.108517 
-0.110627 
-0.112804 
-0.114939 
-0.116961 
-0.118833 
-0.120558 
-0.122141 
-0.123532 
-0.124636 
-0.125315 
-0.125407 
-0.124858 
-0.123751 
-0.122162 
-0.120093 
-0.117597 
-0.114863 
-0.112136 
-0.109557 
-0.107095 
-0.104605 
-0.101964 
-0.099132 
-0.096109 
-0.092923 
-0.089644 
-0.086368 
-0.083153 
-0.080031 
-0.077009 
-0.074004 
-0.070858 
-0.067448 
-0.063788 
-0.060028 
-0.056378 
-0.053098 
-0.050497 
-0.048857 
-0.048297 
-0.048673 
-0.049721 
-0.051246 
-0.053169 
-0.055438 
-0.057896 
-0.060312 
-0.062503 
-0.064417 
-0.066093 
-0.067582 
-0.068886 
-0.069924 
-0.070618 
-0.070982 
-0.071047 
-0.070780 
-0.070075 
-0.068824 
-0.067016 
-0.064771 
-0.062264 
-0.059683 
-0.057228 
-0.055087 
-0.053419 
-0.052292 
-0.051615 
-0.051176 
-0.050757 
-0.050241 
-0.049682 
-0.049262 
-0.049164 
-0.049482 
-0.050221 
-0.051324 
-0.052682 
-0.054169 
-0.055750 
-0.057496 
-0.059494 
-0.061751 
-0.064162 
-0.066545 
-0.068721 
-0.070608 
-0.072247 
-0.073659 
-0.074713 
-0.075174 
-0.074831 
-0.073545 
-0.071288 
-0.068122 
-0.064160 
-0.059570 
-0.054558 
-0.049305 
-0.043892 
-0.038401 
-0.033070 
-0.028223 
-0.024109 
-0.020873 
-0.018510 
-0.016870 
-0.015736 
-0.014893 
-0.014213 
-0.013729 
-0.013582 
-0.013887 
-0.014659 
-0.015848 
-0.017390 
-0.019210 
-0.021229 
-0.023383 
-0.025596 
-0.027783 
-0.029896 
-0.031914 
-0.033846 
-0.035713 
-0.037472 
-0.039027 
-0.040289 
-0.041227 
-0.041855 
-0.042169 
-0.042108 
-0.041600 
-0.040607 
-0.039102 
-0.037047 
-0.034441 
-0.031379 
-0.028028 
-0.024571 
-0.021169 
-0.017891 
-0.014694 
-0.011484 
-0.008162 
-0.004663 
-0.001011 
0.002654 
0.006162 
0.009395 
0.012286 
0.014803 
0.016944 
0.018710 
0.020097 
0.021115 
0.021840 
0.022418 
0.022983 
0.023590 
0.024210 
0.024790 
0.025274 
0.025576 
0.025577 
0.025148 
0.024238 
0.022879 
0.021111 
0.019010 
0.016700 
0.014333 
0.012074 
0.010085 
0.008519 
0.007493 
0.007023 
0.007049 
0.007490 
0.008259 
0.009295 
0.010585 
0.012171 
0.014144 
0.016579 
0.019491 
0.022813 
0.026445 
0.030313 
0.034395 
0.038735 
0.043455 
0.048680 
0.054399 
0.060484 
0.066790 
0.073213 
0.079689 
0.086147 
0.092537 
0.098833 
0.104967 
0.110842 
0.116398 
0.121630 
0.126554 
0.131247 
0.135838 
0.140435 
0.145083 
0.149781 
0.154530 
0.159346 
0.164222 
0.169092 
0.173899 
0.178599 
0.183119 
0.187360 
0.191267 
0.194876 
0.198248 
0.201420 
0.204393 
0.207152 
0.209682 
0.211971 
0.214026 
0.215895 
0.217638 
0.219303 
0.220900 
0.222403 
0.223788 
0.225047 
0.226159 
0.227072 
0.227719 
0.228057 
0.228072 
0.227755 
0.227079 
0.226006 
0.224520 
0.222631 
0.220380 
0.217803 
0.214899 
0.211628 
0.207965 
0.203945 
0.199636 
0.195138 
0.190543 
0.185899 
0.181248 
0.176672 
0.172255 
0.168042 
0.164071 
0.160379 
0.156972 
0.153800 
0.150798 
0.147922 
0.145159 
0.142521 
0.140022 
0.137625 
0.135226 
0.132722 
0.130058 
0.127229 
0.124261 
0.121200 
0.118086 
0.114928 
0.111728 
0.108472 
0.105112 
0.101571 
0.097766 
0.093665 
0.089296 
0.084706 
0.079937 
0.075026 
0.069992 
0.064844 
0.059561 
0.054129 
0.048621 
0.043185 
0.037949 
0.033014 
0.028461 
0.024349 
0.020694 
0.017476 
0.014707 
0.012447 
0.010701 
0.009396 
0.008429 
0.007728 
0.007292 
0.007172 
0.007385 
0.007860 
0.008481 
0.009160 
0.009838 
0.010467 
0.011007 
0.011403 
0.011610 
0.011644 
0.011562 
0.011388 
0.011099 
0.010665 
0.010070 
0.009330 
0.008503 
0.007642 
0.006715 
0.005606 
0.004226 
0.002540 
0.000547 
-0.001724 
-0.004214 
-0.006848 
-0.009583 
-0.012422 
-0.015353 
-0.018310 
-0.021211 
-0.023991 
-0.026582 
-0.028903 
-0.030892 
-0.032525 
-0.033840 
-0.034924 
-0.035876 
-0.036781 
-0.037693 
-0.038631 
-0.039586 
-0.040530 
-0.041413 
-0.042159 
-0.042692 
-0.042972 
-0.043020 
-0.042867 
-0.042541 
-0.042080 
-0.041482 
-0.040720 
-0.039784 
-0.038694 
-0.037495 
-0.036254 
-0.035015 
-0.033754 
-0.032467 
-0.031221 
-0.030089 
-0.029111 
-0.028318 
-0.027763 
-0.027516 
-0.027603 
-0.028011 
-0.028730 
-0.029706 
-0.030843 
-0.032055 
-0.033277 
-0.034446 
-0.035491 
-0.036348 
-0.036970 
-0.037319 
-0.037344 
-0.036981 
-0.036173 
-0.034885 
-0.033093 
-0.030807 
-0.028111 
-0.025158 
-0.022104 
-0.019085 
-0.016233 
-0.013653 
-0.011392 
-0.009433 
-0.007721 
-0.006202 
-0.004821 
-0.003505 
-0.002204 
-0.000919 
0.000320 
0.001471 
0.002474 
0.003267 
0.003812 
0.004130 
0.004317 
0.004506 
0.004786 
0.005170 
0.005620 
0.006028 
0.006238 
0.006132 
0.005685 
0.004935 
0.003934 
0.002727 
0.001407 
0.000077 
-0.001250 
-0.002620 
-0.004054 
-0.005553 
-0.007110 
-0.008694 
-0.010279 
-0.011864 
-0.013440 
-0.014953 
-0.016302 
-0.017407 
-0.018276 
-0.018991 
-0.019656 
-0.020358 
-0.021147 
-0.022024 
-0.022919 
-0.023694 
-0.024241 
-0.024551 
-0.024701 
-0.024759 
-0.024740 
-0.024624 
-0.024375 
-0.023943 
-0.023311 
-0.022493 
-0.021485 
-0.020271 
-0.018887 
-0.017410 
-0.015910 
-0.014400 
-0.012831 
-0.011112 
-0.009159 
-0.006914 
-0.004304 
-0.001227 
0.002332 
0.006275 
0.010494 
0.014911 
0.019466 
0.024081 
0.028669 
0.033163 
0.037532 
0.041773 
0.045888 
0.049887 
0.053781 
0.057551 
0.061151 
0.064539 
0.067690 
0.070615 
0.073351 
0.075918 
0.078308 
0.080547 
0.082701 
0.084807 
0.086831 
0.088685 
0.090288 
0.091597 
0.092603 
0.093314 
0.093731 
0.093855 
0.093670 
0.093130 
0.092204 
0.090916 
0.089323 
0.087498 
0.085493 
0.083293 
0.080862 
0.078212 
0.075394 
0.072449 
0.069381 
0.066184 
0.062905 
0.059627 
0.056428 
0.053365 
0.050505 
0.047952 
0.045786 
0.043974 
0.042390 
0.040905 
0.039464 
0.038079 
0.036741 
0.035371 
0.033849 
0.032101 
0.030153 
0.028119 
0.026117 
0.024205 
0.022369 
0.020563 
0.018755 
0.016934 
0.015132 
0.013423 
0.011867 
0.010495 
0.009270 
0.008095 
0.006930 
0.005835 
0.004883 
0.004120 
0.003549 
0.003139 
0.002847 
0.002653 
0.002523 
0.002386 
0.002170 
0.001838 
0.001413 
0.000945 
0.000426 
-0.000190 
-0.000928 
-0.001811 
-0.002865 
-0.004092 
-0.005480 
-0.006999 
-0.008614 
-0.010312 
-0.012094 
-0.013947 
-0.015864 
-0.017859 
-0.019967 
-0.022215 
-0.024590 
-0.027074 
-0.029696 
-0.032494 
-0.035443 
-0.038461 
-0.041491 
-0.044540 
-0.047631 
-0.050731 
-0.053766 
-0.056662 
-0.059401 
-0.062019 
-0.064516 
-0.066814 
-0.068829 
-0.070517 
-0.071905 
-0.073061 
-0.074058 
-0.074977 
-0.075901 
-0.076893 
-0.077979 
-0.079105 
-0.080192 
-0.081196 
-0.082113 
-0.082960 
-0.083731 
-0.084370 
-0.084811 
-0.085005 
-0.084926 
-0.084580 
-0.084021 
-0.083316 
-0.082468 
-0.081450 
-0.080235 
-0.078814 
-0.077213 
-0.075491 
-0.073740 
-0.072046 
-0.070472 
-0.069054 
-0.067821 
-0.066793 
-0.065958 
-0.065276 
-0.064694 
-0.064141 
-0.063544 
-0.062861 
-0.062091 
-0.061268 
-0.060426 
-0.059588 
-0.058767 
-0.057975 
-0.057218 
-0.056500 
-0.055814 
-0.055151 
-0.054493 
-0.053815 
-0.053095 
-0.052316 
-0.051474 
-0.050587 
-0.049704 
-0.048881 
-0.048159 
-0.047534 
-0.046982 
-0.046481 
-0.046011 
-0.045556 
-0.045100 
-0.044627 
-0.044129 
-0.043600 
-0.043037 
-0.042444 
-0.041833 
-0.041213 
-0.040589 
-0.039968 
-0.039349 
-0.038729 
-0.038100 
-0.037464 
-0.036832 
-0.036217 
-0.035621 
-0.035044 
-0.034481 
-0.033919 
-0.033344 
-0.032749 
-0.032129 
-0.031474 
-0.030784 
-0.030062 
-0.029311 
-0.028533 
-0.027729 
-0.026906 
-0.026071 
-0.025230 
-0.024391 
-0.023564 
-0.022756 
-0.021970 
-0.021207 
-0.020460 
-0.019725 
-0.019002 
-0.018291 
-0.017591 
-0.016901 
-0.016222 
-0.015557 
-0.014905 
-0.014265 
-0.013636 
-0.013020 
-0.012419 
-0.011831 
-0.011258 
-0.010702 
-0.010165 
-0.009651 
-0.009158 
-0.008687 
-0.008238 
-0.007807 
-0.007394 
-0.006997 
-0.006613 
-0.006243 
-0.005887 
-0.005544 
-0.005215 
-0.004899 
-0.004596 
-0.004306 
-0.004028 
-0.003763 
-0.003511 
-0.003271 
-0.003044 
-0.002830 
-0.002627 
-0.002436 
-0.002255 
-0.002084 
-0.001923 
-0.001772 
-0.001630 
-0.001497 
-0.001372 
-0.001255 
-0.001147 
-0.001046 
-0.000952 
-0.000865 
-0.000785 
-0.000712 
-0.000645 
-0.000584 
-0.000530 
-0.000480 
-0.000436 
-0.000398 
-0.000363 
-0.000333 
-0.000308 
-0.000286 
-0.000267 
-0.000252 
-0.000240 
-0.000230 
-0.000223 
-0.000218 
-0.000214 
-0.000212 
-0.000211 
-0.000211 
-0.000211 
