0.000000 
0.007081 
0.009201 
0.008961 
0.007562 
0.005339 
0.002463 
-0.002447 
-0.008537 
-0.011338 
-0.013666 
-0.015699 
-0.004956 
0.015656 
0.024339 
0.004840 
-0.026611 
-0.044584 
-0.062267 
-0.083545 
-0.086367 
-0.079927 
-0.085745 
-0.084151 
-0.043807 
0.010290 
0.015928 
-0.017022 
-0.025659 
-0.015375 
-0.028674 
-0.057822 
-0.069122 
-0.069036 
-0.095026 
-0.142787 
-0.170211 
-0.160411 
-0.117228 
-0.049465 
0.024782 
0.072623 
0.066448 
0.032733 
0.038066 
0.065100 
0.033259 
-0.054080 
-0.127294 
-0.142117 
-0.127432 
-0.133974 
-0.160057 
-0.172940 
-0.155494 
-0.107729 
-0.026310 
0.080138 
0.175811 
0.223205 
0.212771 
0.162766 
0.111039 
0.066305 
0.008691 
-0.027684 
-0.001510 
0.062124 
0.110327 
0.142043 
0.193284 
0.253376 
0.275968 
0.259596 
0.245593 
0.233906 
0.211783 
0.220071 
0.275960 
0.318116 
0.327424 
0.358980 
0.418246 
0.454468 
0.460083 
0.481802 
0.528130 
0.558531 
0.542974 
0.505055 
0.478668 
0.437801 
0.360349 
0.338528 
0.418888 
0.502152 
0.555007 
0.581025 
0.566554 
0.525302 
0.481066 
0.478312 
0.536283 
0.579973 
0.549422 
0.498010 
0.520045 
0.595624 
0.606375 
0.582605 
0.640346 
0.727201 
0.735873 
0.706500 
0.721570 
0.780316 
0.788743 
0.737345 
0.701124 
0.673577 
0.653945 
0.667368 
0.715708 
0.779310 
0.831603 
0.881034 
0.959770 
1.022911 
0.980351 
0.886252 
0.860216 
0.902737 
0.953208 
0.979426 
0.970709 
0.935079 
0.879068 
0.796276 
0.692098 
0.620409 
0.634502 
0.727001 
0.850902 
0.945668 
0.999782 
1.028242 
1.047027 
1.066237 
1.064497 
1.035959 
1.014059 
0.996125 
0.958033 
0.917498 
0.882995 
0.845075 
0.791334 
0.694402 
0.560569 
0.419286 
0.262129 
0.064973 
-0.194879 
-0.519904 
-0.891210 
-1.291623 
-1.690891 
-2.050279 
-2.330304 
-2.496277 
-2.532317 
-2.452726 
-2.313011 
-2.159129 
-1.993962 
-1.796214 
-1.550800 
-1.264535 
-0.958291 
-0.666962 
-0.435458 
-0.316599 
-0.341798 
-0.532397 
-0.919039 
-1.483690 
-2.061804 
-2.497811 
-2.839122 
-3.179121 
-3.559214 
-3.987511 
-4.448709 
-4.936710 
-5.449828 
-5.983034 
-6.454221 
-6.596533 
-6.300637 
-5.812272 
-5.341896 
-4.880538 
-4.274092 
-3.386319 
-2.270344 
-1.146259 
-0.227481 
0.418204 
0.871840 
1.104944 
1.111538 
0.994038 
0.747288 
0.426893 
0.119963 
-0.157412 
-0.410099 
-0.530008 
-0.419958 
-0.184656 
0.057514 
0.328425 
0.738452 
1.288342 
1.805660 
2.134380 
2.256901 
2.167018 
1.894053 
1.538593 
1.153913 
0.779317 
0.454650 
0.215847 
0.058535 
0.006618 
0.134171 
0.370989 
0.577026 
0.682421 
0.689896 
0.684874 
0.770764 
0.952842 
1.159607 
1.353500 
1.550712 
1.777137 
2.018010 
2.241175 
2.439018 
2.657667 
2.991789 
3.519982 
4.183026 
4.715511 
4.936310 
4.894261 
4.699227 
4.464094 
4.262546 
4.091466 
3.911230 
3.741726 
3.618288 
3.509541 
3.377429 
3.224499 
3.066949 
2.918975 
2.788060 
2.673402 
2.557963 
2.380225 
2.091777 
1.722391 
1.313003 
0.896051 
0.606100 
0.532191 
0.579120 
0.647841 
0.692416 
0.680819 
0.589173 
0.436134 
0.288002 
0.214529 
0.220316 
0.244032 
0.219499 
0.093013 
-0.118115 
-0.361263 
-0.595324 
-0.781473 
-0.898669 
-0.961743 
-1.007648 
-1.046643 
-1.053872 
-1.023927 
-0.993942 
-1.002899 
-1.067363 
-1.189601 
-1.367866 
-1.594508 
-1.858376 
-2.136142 
-2.388932 
-2.603045 
-2.802027 
-3.048464 
-3.405416 
-3.861224 
-4.376597 
-4.929995 
-5.505851 
-6.083001 
-6.641324 
-7.148949 
-7.528978 
-7.727235 
-7.750995 
-7.622485 
-7.356915 
-6.987285 
-6.551685 
-6.054637 
-5.463928 
-4.755124 
-3.964086 
-3.154886 
-2.408499 
-1.774422 
-1.214290 
-0.678832 
-0.178929 
0.255693 
0.651003 
1.096282 
1.653766 
2.253462 
2.726531 
2.959980 
2.985286 
2.901897 
2.783789 
2.676536 
2.621482 
2.629393 
2.662175 
2.656142 
2.572775 
2.435448 
2.290052 
2.186087 
2.173128 
2.252716 
2.378158 
2.493930 
2.554478 
2.549766 
2.500593 
2.412577 
2.273222 
2.086504 
1.882564 
1.697471 
1.583506 
1.602100 
1.737380 
1.927003 
2.123512 
2.283011 
2.379698 
2.386271 
2.279297 
2.065692 
1.770044 
1.416890 
1.015146 
0.573729 
0.103870 
-0.354985 
-0.671993 
-0.753251 
-0.656790 
-0.492586 
-0.365414 
-0.365130 
-0.493684 
-0.679049 
-0.857526 
-0.963515 
-0.964538 
-0.908382 
-0.850377 
-0.811752 
-0.791110 
-0.772266 
-0.740900 
-0.683279 
-0.587282 
-0.462997 
-0.338591 
-0.285544 
-0.397112 
-0.667681 
-1.022977 
-1.407937 
-1.786537 
-2.141290 
-2.467099 
-2.747375 
-2.938721 
-3.012716 
-2.981381 
-2.871181 
-2.711333 
-2.526893 
-2.325814 
-2.110249 
-1.904518 
-1.739648 
-1.610374 
-1.479603 
-1.321191 
-1.128402 
-0.902043 
-0.646216 
-0.353189 
-0.016272 
0.347177 
0.687779 
0.955014 
1.140090 
1.253661 
1.309292 
1.319617 
1.306979 
1.314391 
1.362705 
1.434207 
1.499055 
1.537048 
1.534769 
1.476287 
1.350547 
1.161394 
0.920459 
0.644560 
0.367562 
0.140655 
0.029414 
0.072892 
0.234180 
0.456135 
0.723579 
1.035105 
1.373089 
1.705905 
1.999284 
2.225096 
2.362347 
2.387853 
2.311886 
2.182877 
2.037375 
1.891055 
1.741236 
1.576714 
1.392825 
1.206706 
1.046760 
0.916178 
0.794822 
0.669257 
0.534374 
0.385397 
0.229722 
0.095775 
0.019302 
0.016021 
0.074337 
0.164837 
0.246811 
0.287989 
0.292516 
0.296561 
0.316954 
0.332296 
0.318253 
0.272532 
0.212714 
0.160298 
0.128154 
0.112801 
0.095607 
0.059637 
-0.000252 
-0.089874 
-0.211314 
-0.354050 
-0.500789 
-0.629575 
-0.714326 
-0.736566 
-0.694317 
-0.588988 
-0.427150 
-0.232198 
-0.037034 
0.135114 
0.278582 
0.397926 
0.490304 
0.535726 
0.523056 
0.478893 
0.443564 
0.428711 
0.425238 
0.428623 
0.436763 
0.434835 
0.404376 
0.342608 
0.254030 
0.137317 
-0.011715 
-0.192087 
-0.399957 
-0.623961 
-0.835041 
-1.007438 
-1.130436 
-1.198109 
-1.209626 
-1.171669 
-1.101780 
-1.034776 
-1.019856 
-1.079481 
-1.193177 
-1.335952 
-1.482449 
-1.600849 
-1.668197 
-1.674099 
-1.627433 
-1.549302 
-1.458647 
-1.371369 
-1.284058 
-1.178075 
-1.047812 
-0.902871 
-0.761730 
-0.637211 
-0.529176 
-0.441748 
-0.407162 
-0.451204 
-0.541510 
-0.600928 
-0.563527 
-0.444093 
-0.299680 
-0.165855 
-0.058942 
0.013917 
0.049791 
0.053995 
0.040374 
0.021006 
-0.003263 
-0.024584 
-0.030832 
-0.019996 
0.003608 
0.035427 
0.074143 
0.127502 
0.214953 
0.350233 
0.524517 
0.710694 
0.866005 
0.937460 
0.912396 
0.825343 
0.707596 
0.582430 
0.469297 
0.374823 
0.301797 
0.257769 
0.248516 
0.273451 
0.327425 
0.397719 
0.462718 
0.508093 
0.536776 
0.555588 
0.568376 
0.575851 
0.572031 
0.551239 
0.519716 
0.485785 
0.454032 
0.435849 
0.442833 
0.467115 
0.483647 
0.474678 
0.438595 
0.392495 
0.359256 
0.346511 
0.351674 
0.371751 
0.401870 
0.432198 
0.452702 
0.458816 
0.454775 
0.451470 
0.455914 
0.470004 
0.497093 
0.534781 
0.579364 
0.629861 
0.684351 
0.741473 
0.794521 
0.836643 
0.865267 
0.874433 
0.855584 
0.807316 
0.735958 
0.656474 
0.588338 
0.536024 
0.491506 
0.452225 
0.419211 
0.391984 
0.375724 
0.372034 
0.371522 
0.367868 
0.364894 
0.370349 
0.381509 
0.387044 
0.383925 
0.383328 
0.395525 
0.414579 
0.426138 
0.424092 
0.410586 
0.387237 
0.352904 
0.304033 
0.238032 
0.154575 
0.055435 
-0.054758 
-0.167282 
-0.267551 
-0.337592 
-0.368856 
-0.368683 
-0.354711 
-0.341452 
-0.334349 
-0.333048 
-0.335011 
-0.339353 
-0.344373 
-0.349116 
-0.355837 
-0.368081 
-0.384077 
-0.398541 
-0.407884 
-0.409557 
-0.400991 
-0.385389 
-0.372839 
-0.368144 
-0.365454 
-0.355032 
-0.334189 
-0.305606 
-0.279311 
-0.270090 
-0.282495 
-0.302961 
-0.307854 
-0.284520 
-0.241418 
-0.202905 
-0.185498 
-0.188161 
-0.204488 
-0.231907 
-0.270505 
-0.313414 
-0.348511 
-0.371281 
-0.388245 
-0.407220 
-0.426303 
-0.433530 
-0.422358 
-0.392510 
-0.345180 
-0.284429 
-0.215761 
-0.147594 
-0.090415 
-0.054375 
-0.040448 
-0.035167 
-0.020953 
0.005368 
0.035433 
0.067922 
0.108674 
0.161351 
0.223290 
0.288009 
0.353001 
0.414868 
0.461391 
0.479508 
0.464052 
0.425878 
0.381533 
0.336899 
0.289790 
0.231646 
0.154993 
0.062781 
-0.031078 
-0.104498 
-0.142508 
-0.145623 
-0.126845 
-0.105413 
-0.093940 
-0.098877 
-0.125428 
-0.176711 
-0.247116 
-0.319712 
-0.379374 
-0.424803 
-0.464328 
-0.506486 
-0.556103 
-0.611259 
-0.665474 
-0.711924 
-0.745412 
-0.760960 
-0.754653 
-0.726404 
-0.679965 
-0.621344 
-0.558351 
-0.502024 
-0.460175 
-0.433291 
-0.421504 
-0.423624 
-0.437148 
-0.462240 
-0.495208 
-0.526616 
-0.546963 
-0.553936 
-0.551656 
-0.543987 
-0.532186 
-0.519958 
-0.513767 
-0.514913 
-0.515757 
-0.503752 
-0.470044 
-0.411212 
-0.328285 
-0.228315 
-0.126045 
-0.036184 
0.034793 
0.087294 
0.121237 
0.131107 
0.115584 
0.085986 
0.057581 
0.034899 
0.015722 
0.000175 
-0.013048 
-0.027516 
-0.041241 
-0.043676 
-0.027855 
0.000625 
0.027226 
0.040585 
0.042634 
0.042223 
0.044901 
0.056987 
0.086192 
0.131150 
0.184177 
0.237586 
0.283679 
0.314054 
0.318805 
0.294388 
0.248206 
0.188029 
0.115158 
0.033495 
-0.040654 
-0.087023 
-0.094188 
-0.061997 
0.001585 
0.082649 
0.162220 
0.222552 
0.253666 
0.256190 
0.237563 
0.207508 
0.176003 
0.151785 
0.139201 
0.137477 
0.144494 
0.157624 
0.171011 
0.177380 
0.176894 
0.174428 
0.171729 
0.168592 
0.162895 
0.156570 
0.157454 
0.172164 
0.204745 
0.251184 
0.301560 
0.343979 
0.367720 
0.372404 
0.363381 
0.345724 
0.325259 
0.308127 
0.297124 
0.285918 
0.269072 
0.247487 
0.224263 
0.202782 
0.184737 
0.174213 
0.172633 
0.177827 
0.186003 
0.194337 
0.201712 
0.201512 
0.184826 
0.147852 
0.093703 
0.029157 
-0.035666 
-0.086940 
-0.115667 
-0.121174 
-0.110043 
-0.096077 
-0.091457 
-0.099560 
-0.118666 
-0.142665 
-0.160805 
-0.164723 
-0.153052 
-0.130425 
-0.099639 
-0.063668 
-0.030083 
0.000288 
0.033398 
0.071350 
0.106319 
0.124761 
0.117491 
0.083426 
0.031395 
-0.024377 
-0.074493 
-0.117094 
-0.155405 
-0.189688 
-0.213014 
-0.219561 
-0.205743 
-0.170351 
-0.115120 
-0.047434 
0.015705 
0.056108 
0.067992 
0.061752 
0.047093 
0.025050 
-0.002607 
-0.026331 
-0.032871 
-0.018432 
0.005593 
0.021731 
0.021682 
0.010612 
-0.000995 
-0.004821 
0.001863 
0.013693 
0.018330 
0.006263 
-0.017721 
-0.038542 
-0.044453 
-0.035802 
-0.021358 
-0.007633 
0.002475 
0.005817 
-0.000523 
-0.015424 
-0.034251 
-0.053062 
-0.068970 
-0.082210 
-0.097929 
-0.119379 
-0.140564 
-0.154383 
-0.158304 
-0.156056 
-0.155325 
-0.156936 
-0.158570 
-0.157832 
-0.154522 
-0.151203 
-0.152863 
-0.166693 
-0.194990 
-0.232952 
-0.267028 
-0.280573 
-0.266253 
-0.227187 
-0.172092 
-0.111178 
-0.054260 
-0.005372 
0.042333 
0.092250 
0.139360 
0.179147 
0.208291 
0.227705 
0.241471 
0.251437 
0.257247 
0.258661 
0.257593 
0.253546 
0.247415 
0.245547 
0.251685 
0.266566 
0.289005 
0.316023 
0.344117 
0.373509 
0.406232 
0.437162 
0.457374 
0.461326 
0.449921 
0.432979 
0.424537 
0.430370 
0.445325 
0.459655 
0.464941 
0.458679 
0.442636 
0.421099 
0.399655 
0.383108 
0.375915 
0.380027 
0.391389 
0.401645 
0.403398 
0.396464 
0.388389 
0.384590 
0.382057 
0.375857 
0.361215 
0.334138 
0.296081 
0.249765 
0.196425 
0.140717 
0.089958 
0.048881 
0.016553 
-0.012201 
-0.041044 
-0.071037 
-0.099559 
-0.121852 
-0.137058 
-0.152941 
-0.178757 
-0.212224 
-0.240368 
-0.250913 
-0.243591 
-0.230515 
-0.226707 
-0.242311 
-0.276031 
-0.312693 
-0.338073 
-0.348449 
-0.344424 
-0.329247 
-0.308953 
-0.290311 
-0.276152 
-0.264479 
-0.251061 
-0.229155 
-0.195718 
-0.155900 
-0.116735 
-0.081875 
-0.053259 
-0.031298 
-0.012556 
0.005541 
0.021201 
0.033035 
0.038091 
0.032098 
0.015630 
-0.006159 
-0.028752 
-0.050528 
-0.067927 
-0.075987 
-0.073816 
-0.064894 
-0.053848 
-0.044133 
-0.035502 
-0.027928 
-0.023881 
-0.028000 
-0.047870 
-0.081343 
-0.115266 
-0.141667 
-0.159301 
-0.170924 
-0.184656 
-0.203437 
-0.221424 
-0.234349 
-0.246884 
-0.269787 
-0.303274 
-0.339558 
-0.375519 
-0.408167 
-0.434426 
-0.454225 
-0.472659 
-0.497807 
-0.530820 
-0.565331 
-0.600073 
-0.636147 
-0.669571 
-0.695099 
-0.708874 
-0.710119 
-0.702140 
-0.685882 
-0.657690 
-0.618897 
-0.575245 
-0.532955 
-0.496394 
-0.465784 
-0.437421 
-0.406607 
-0.371652 
-0.330511 
-0.278951 
-0.220227 
-0.168781 
-0.131112 
-0.103055 
-0.087116 
-0.089748 
-0.106370 
-0.124903 
-0.136764 
-0.134965 
-0.117297 
-0.087646 
-0.056258 
-0.031330 
-0.012933 
0.005773 
0.033557 
0.069510 
0.109110 
0.148614 
0.185494 
0.221478 
0.258173 
0.293418 
0.322308 
0.337127 
0.332873 
0.311477 
0.281849 
0.256848 
0.239370 
0.224583 
0.208746 
0.190474 
0.169806 
0.148629 
0.131901 
0.120424 
0.113122 
0.108771 
0.104062 
0.100218 
0.098028 
0.093070 
0.084166 
0.071160 
0.057795 
0.048654 
0.046799 
0.058597 
0.083429 
0.111547 
0.133224 
0.143435 
0.142380 
0.133394 
0.114924 
0.083186 
0.038021 
-0.004660 
-0.020506 
-0.001558 
0.029210 
0.034707 
-0.001417 
-0.060407 
-0.104816 
-0.120866 
-0.113129 
-0.089765 
-0.061929 
-0.035833 
-0.016441 
-0.007116 
-0.001098 
0.011718 
0.033327 
0.058475 
0.080577 
0.096534 
0.104655 
0.109764 
0.115551 
0.121770 
0.130382 
0.140393 
0.144735 
0.138313 
0.123406 
0.098269 
0.060128 
0.014005 
-0.028323 
-0.057446 
-0.075849 
-0.090424 
-0.102266 
-0.108757 
-0.108915 
-0.104613 
-0.097572 
-0.089609 
-0.082957 
-0.075344 
-0.063710 
-0.046697 
-0.021178 
0.011948 
0.042974 
0.067673 
0.091258 
0.115635 
0.134002 
0.139322 
0.133394 
0.124521 
0.121714 
0.127285 
0.136760 
0.146491 
0.155766 
0.162864 
0.164983 
0.162638 
0.158883 
0.153327 
0.148875 
0.151624 
0.162942 
0.178082 
0.187901 
0.188093 
0.176973 
0.150938 
0.109171 
0.054827 
0.001215 
-0.038788 
-0.066043 
-0.086494 
-0.105809 
-0.121019 
-0.124860 
-0.116735 
-0.102304 
-0.089068 
-0.078613 
-0.070260 
-0.060107 
-0.043684 
-0.025763 
-0.010642 
0.004124 
0.022655 
0.047776 
0.077390 
0.103388 
0.121044 
0.129737 
0.128334 
0.117138 
0.096953 
0.069866 
0.042827 
0.024848 
0.019131 
0.022773 
0.028755 
0.027225 
0.014745 
-0.004995 
-0.026813 
-0.046990 
-0.063356 
-0.072410 
-0.076300 
-0.081835 
-0.092767 
-0.107032 
-0.118652 
-0.122404 
-0.115985 
-0.101603 
-0.087082 
-0.076834 
-0.064376 
-0.040954 
-0.005209 
0.039577 
0.088951 
0.136765 
0.179887 
0.216235 
0.242803 
0.258372 
0.266967 
0.274314 
0.274784 
0.258288 
0.226503 
0.184834 
0.138791 
0.097544 
0.066458 
0.046892 
0.037390 
0.030650 
0.017766 
-0.003133 
-0.027342 
-0.049818 
-0.069082 
-0.085136 
-0.096878 
-0.105050 
-0.110338 
-0.110923 
-0.107800 
-0.103451 
-0.098362 
-0.094913 
-0.091719 
-0.084233 
-0.071260 
-0.054890 
-0.038897 
-0.023974 
-0.007385 
0.013504 
0.037284 
0.062041 
0.088424 
0.117052 
0.143577 
0.162566 
0.172600 
0.173124 
0.167071 
0.160732 
0.158899 
0.162154 
0.170026 
0.179894 
0.185280 
0.181264 
0.169503 
0.153767 
0.135318 
0.116400 
0.097666 
0.078943 
0.059831 
0.041986 
0.030489 
0.027241 
0.029339 
0.031366 
0.030561 
0.027485 
0.020913 
0.009284 
-0.009227 
-0.033667 
-0.057307 
-0.078624 
-0.098094 
-0.112066 
-0.118944 
-0.117758 
-0.108084 
-0.090868 
-0.065734 
-0.036861 
-0.010169 
0.012847 
0.031211 
0.045655 
0.058011 
0.070945 
0.087725 
0.109493 
0.134054 
0.157113 
0.175125 
0.188088 
0.198710 
0.209509 
0.224407 
0.247657 
0.274823 
0.297037 
0.311545 
0.319021 
0.323237 
0.324376 
0.321472 
0.317510 
0.312025 
0.301456 
0.285983 
0.269662 
0.253518 
0.238918 
0.230366 
0.228723 
0.230934 
0.233860 
0.236023 
0.238802 
0.242866 
0.244681 
0.242380 
0.238243 
0.231766 
0.220300 
0.203735 
0.187002 
0.173857 
0.163397 
0.153794 
0.143475 
0.132451 
0.120593 
0.108214 
0.097315 
0.089601 
0.084747 
0.081672 
0.078025 
0.072295 
0.066199 
0.059704 
0.051474 
0.039843 
0.024867 
0.008919 
-0.007404 
-0.024279 
-0.043371 
-0.063869 
-0.084754 
-0.104196 
-0.120882 
-0.136758 
-0.153630 
-0.173553 
-0.192757 
-0.209220 
-0.221656 
-0.228175 
-0.231336 
-0.233034 
-0.232020 
-0.225629 
-0.216059 
-0.205196 
-0.191984 
-0.177141 
-0.163589 
-0.153585 
-0.146683 
-0.140920 
-0.135292 
-0.128592 
-0.121297 
-0.118379 
-0.121547 
-0.128826 
-0.137556 
-0.145363 
-0.151439 
-0.154666 
-0.156770 
-0.159027 
-0.160926 
-0.164635 
-0.171421 
-0.182691 
-0.197771 
-0.212348 
-0.224515 
-0.234521 
-0.242332 
-0.248803 
-0.254557 
-0.260283 
-0.267990 
-0.275242 
-0.275550 
-0.268091 
-0.255452 
-0.238101 
-0.217204 
-0.194006 
-0.171450 
-0.150386 
-0.126450 
-0.099598 
-0.074979 
-0.055546 
-0.041174 
-0.028915 
-0.014661 
0.002639 
0.018730 
0.028729 
0.033354 
0.034590 
0.033152 
0.029765 
0.024209 
0.015412 
0.005339 
-0.001979 
-0.006251 
-0.011084 
-0.017835 
-0.025616 
-0.033841 
-0.040160 
-0.042584 
-0.043426 
-0.049328 
-0.061533 
-0.076453 
-0.092201 
-0.107109 
-0.119981 
-0.129012 
-0.134356 
-0.139151 
-0.144742 
-0.148376 
-0.147382 
-0.142699 
-0.135284 
-0.123783 
-0.108357 
-0.090537 
-0.072762 
-0.058731 
-0.049686 
-0.045529 
-0.044925 
-0.046256 
-0.047610 
-0.047882 
-0.046533 
-0.041677 
-0.032976 
-0.020345 
-0.007590 
0.002773 
0.012512 
0.020034 
0.026111 
0.033641 
0.042585 
0.051020 
0.057966 
0.061980 
0.062059 
0.061915 
0.064146 
0.064541 
0.060097 
0.053111 
0.044687 
0.034573 
0.020933 
0.003820 
-0.012543 
-0.028317 
-0.043530 
-0.054102 
-0.059578 
-0.061588 
-0.060633 
-0.056233 
-0.048280 
-0.037426 
-0.024773 
-0.010128 
0.007594 
0.028728 
0.052063 
0.076698 
0.102513 
0.126166 
0.143375 
0.151950 
0.153468 
0.148406 
0.136771 
0.121213 
0.104890 
0.091051 
0.080160 
0.071721 
0.066418 
0.065135 
0.064989 
0.063493 
0.060425 
0.054617 
0.045702 
0.033639 
0.020817 
0.011001 
0.007724 
0.011155 
0.016827 
0.021641 
0.023350 
0.017442 
0.003485 
-0.014006 
-0.030730 
-0.044275 
-0.055845 
-0.064843 
-0.067148 
-0.065796 
-0.066963 
-0.070043 
-0.073347 
-0.076581 
-0.079063 
-0.079370 
-0.079129 
-0.079403 
-0.078161 
-0.073097 
-0.061877 
-0.048543 
-0.038394 
-0.033122 
-0.033337 
-0.036938 
-0.041888 
-0.045832 
-0.043678 
-0.033848 
-0.020782 
-0.010287 
-0.004644 
-0.001206 
0.003091 
0.008573 
0.016323 
0.026815 
0.036448 
0.045284 
0.055570 
0.065763 
0.072696 
0.075000 
0.074998 
0.075995 
0.080946 
0.090861 
0.104446 
0.120092 
0.140955 
0.166705 
0.189158 
0.205215 
0.216639 
0.225067 
0.230402 
0.231150 
0.227613 
0.221758 
0.215214 
0.208824 
0.202664 
0.197269 
0.192150 
0.184867 
0.175127 
0.163675 
0.151453 
0.140967 
0.132671 
0.124064 
0.114936 
0.108915 
0.106456 
0.104179 
0.098236 
0.087126 
0.073159 
0.057743 
0.042863 
0.028276 
0.013452 
-0.001054 
-0.017482 
-0.036558 
-0.056011 
-0.072811 
-0.086433 
-0.096054 
-0.104453 
-0.115527 
-0.127573 
-0.137425 
-0.144373 
-0.150143 
-0.156709 
-0.162958 
-0.164986 
-0.162772 
-0.157166 
-0.149088 
-0.136934 
-0.118385 
-0.098196 
-0.082950 
-0.075469 
-0.073068 
-0.070978 
-0.067590 
-0.066221 
-0.070781 
-0.081335 
-0.093505 
-0.101257 
-0.102143 
-0.098075 
-0.093131 
-0.090464 
-0.090127 
-0.090750 
-0.091319 
-0.088851 
-0.082118 
-0.073396 
-0.063843 
-0.058641 
-0.058903 
-0.057551 
-0.051989 
-0.043165 
-0.033152 
-0.023925 
-0.017142 
-0.012024 
-0.007333 
-0.005724 
-0.007999 
-0.013544 
-0.019708 
-0.022761 
-0.024082 
-0.027788 
-0.033792 
-0.040040 
-0.048215 
-0.057171 
-0.065554 
-0.073267 
-0.078655 
-0.082791 
-0.087062 
-0.091095 
-0.094230 
-0.097479 
-0.101990 
-0.108772 
-0.116091 
-0.121424 
-0.126959 
-0.135261 
-0.144527 
-0.150310 
-0.151503 
-0.151494 
-0.153458 
-0.155579 
-0.154458 
-0.149076 
-0.140511 
-0.133332 
-0.128539 
-0.121113 
-0.108743 
-0.092706 
-0.076092 
-0.062694 
-0.052932 
-0.046776 
-0.045158 
-0.047170 
-0.052077 
-0.056489 
-0.056166 
-0.052460 
-0.047942 
-0.043817 
-0.040861 
-0.036192 
-0.027768 
-0.016349 
-0.003005 
0.010898 
0.023735 
0.032081 
0.038474 
0.046344 
0.055420 
0.066077 
0.076037 
0.084091 
0.088094 
0.087010 
0.082355 
0.075052 
0.066714 
0.056651 
0.046100 
0.037430 
0.030785 
0.027355 
0.027971 
0.031753 
0.036584 
0.040365 
0.041975 
0.042160 
0.041685 
0.040376 
0.038832 
0.036872 
0.034953 
0.033613 
0.032756 
0.033024 
0.034707 
0.037356 
0.040517 
0.043682 
0.044998 
0.043355 
0.038877 
0.033392 
0.029116 
0.026045 
0.024037 
0.022937 
0.022578 
0.023044 
0.024240 
0.025637 
0.027199 
0.029090 
0.030272 
0.030830 
0.031176 
0.031173 
0.030982 
0.030835 
0.031178 
0.031725 
0.031908 
0.031284 
0.030258 
0.029290 
0.028383 
0.027947 
0.028270 
0.029198 
0.030275 
0.031775 
0.033697 
0.035377 
0.036820 
0.038217 
0.039624 
0.040780 
0.041509 
0.041986 
0.042118 
0.041757 
0.040951 
0.039897 
0.038684 
0.037632 
0.037007 
0.036480 
0.035860 
0.035235 
0.034728 
0.034266 
0.033638 
0.032905 
0.032254 
0.031749 
0.031173 
0.030426 
0.029720 
0.029051 
0.028277 
0.027333 
0.026271 
0.025187 
0.024090 
0.022991 
0.021974 
0.021065 
0.020235 
0.019511 
0.018846 
0.018174 
0.017473 
0.016772 
0.016113 
0.015477 
0.014851 
0.014206 
0.013561 
0.012932 
0.012291 
0.011658 
0.011038 
0.010431 
0.009844 
0.009290 
0.008776 
0.008282 
0.007801 
0.007335 
0.006885 
0.006449 
0.006029 
0.005624 
0.005239 
0.004870 
0.004512 
0.004161 
0.003822 
0.003497 
0.003184 
0.002885 
0.002598 
0.002326 
0.002068 
0.001826 
0.001598 
0.001385 
0.001188 
0.001005 
0.000836 
0.000683 
0.000544 
0.000420 
0.000310 
0.000215 
0.000135 
0.000071 
0.000022 
-0.000010 
-0.000025 
